-754.7619	-6.14235E-5
-744.7619	-1.66235E-5
-734.7619	-9.08347E-6
-724.7619	2.17265E-5
-714.7619	-7.14135E-5
-704.7619	6.82165E-5
-694.7619	-1.16773E-4
-684.7619	-3.93935E-5
-674.7619	-8.61135E-5
-664.7619	-5.77347E-6
-654.7619	-1.85703E-4
-644.7619	5.24765E-5
-634.7619	1.79465E-5
-624.7619	-7.66035E-5
-614.7619	-1.84735E-5
-604.7619	-6.52635E-5
-594.7619	-8.94835E-5
-584.7619	-5.12535E-5
-574.7619	2.28865E-5
-564.7619	-1.31373E-4
-554.7619	-4.52635E-5
-544.7619	-2.20635E-5
-534.7619	-2.39735E-5
-524.7619	-2.86335E-5
-514.7619	-8.64635E-5
-504.7619	-2.14535E-5
-494.7619	-2.69235E-5
-484.7619	-6.38235E-5
-474.7619	-6.19935E-5
-464.7619	2.22365E-5
-454.7619	-6.80835E-5
-444.7619	-7.88735E-5
-434.7619	2.60065E-5
-424.7619	-1.24535E-5
-414.7619	1.10965E-5
-404.7619	6.79653E-6
-394.7619	-2.73235E-5
-384.7619	-6.27347E-6
-374.7619	2.02065E-5
-364.7619	-4.65935E-5
-354.7619	-4.61435E-5
-344.7619	-2.47235E-5
-334.7619	1.88765E-5
-324.7619	8.86528E-7
-314.7619	-1.55035E-5
-304.7619	2.17965E-5
-294.7619	-2.66035E-5
-284.7619	-8.32335E-5
-274.7619	-6.33735E-5
-264.7619	4.53653E-6
-254.7619	1.90265E-5
-244.7619	-4.32135E-5
-234.7619	-5.98635E-5
-224.7619	-1.10993E-4
-214.7619	2.48965E-5
-204.7619	-8.59035E-5
-194.7619	-1.96283E-4
-184.7619	-1.42633E-4
-174.7619	-2.97043E-4
-164.7619	-4.07483E-4
-154.7619	-3.70573E-4
-144.7619	-5.39323E-4
-134.7619	-6.06923E-4
-124.7619	-8.98123E-4
-114.7619	-0.00117
-104.7619	-0.00151
-94.7619	-0.00204
-84.7619	-0.00262
-74.7619	-0.00325
-64.7619	-0.0038
-54.7619	-0.00476
-44.7619	-0.00588
-34.7619	-0.00748
-24.7619	-0.00958
-14.7619	-0.0125
-4.7619	-0.0162
5.2381	-0.01983
15.2381	-0.0225
25.2381	-0.02427
35.2381	-0.02577
45.2381	-0.02674
55.2381	-0.0273
65.2381	-0.02795
75.2381	-0.02796
85.2381	-0.02795
95.2381	-0.02775
105.2381	-0.02779
115.2381	-0.02798
125.2381	-0.02816
135.2381	-0.02823
145.2381	-0.02863
155.2381	-0.02896
165.2381	-0.02942
175.2381	-0.02961
185.2381	-0.0297
195.2381	-0.02983
205.2381	-0.02975
215.2381	-0.02965
225.2381	-0.0295
235.2381	-0.02932
245.2381	-0.02905
255.2381	-0.0287
265.2381	-0.02853
275.2381	-0.02861
285.2381	-0.02855
295.2381	-0.02855
305.2381	-0.02892
315.2381	-0.02926
325.2381	-0.02955
335.2381	-0.0298
345.2381	-0.02982
355.2381	-0.02974
365.2381	-0.02952
375.2381	-0.02937
385.2381	-0.0291
395.2381	-0.02891
405.2381	-0.02866
415.2381	-0.0284
425.2381	-0.02809
435.2381	-0.02807
445.2381	-0.02809
455.2381	-0.028
465.2381	-0.02832
475.2381	-0.02838
485.2381	-0.02856
495.2381	-0.02872
505.2381	-0.02878
515.2381	-0.02887
525.2381	-0.02856
535.2381	-0.02817
545.2381	-0.02793
555.2381	-0.0279
565.2381	-0.02787
575.2381	-0.0278
585.2381	-0.0276
595.2381	-0.02738
605.2381	-0.02773
615.2381	-0.02765
625.2381	-0.02791
635.2381	-0.02789
645.2381	-0.02807
655.2381	-0.02819
665.2381	-0.02835
675.2381	-0.02829
685.2381	-0.02839
695.2381	-0.02813
705.2381	-0.02785
715.2381	-0.02769
725.2381	-0.0275
735.2381	-0.02725
745.2381	-0.0271
755.2381	-0.02692
765.2381	-0.0272
775.2381	-0.02713
785.2381	-0.02729
795.2381	-0.02759
805.2381	-0.02777
815.2381	-0.02814
825.2381	-0.02799
835.2381	-0.02788
845.2381	-0.02782
855.2381	-0.02767
865.2381	-0.02764
875.2381	-0.0276
885.2381	-0.02727
895.2381	-0.02708
905.2381	-0.02706
915.2381	-0.02673
925.2381	-0.02659
935.2381	-0.02671
945.2381	-0.02695
955.2381	-0.02705
965.2381	-0.02731
975.2381	-0.02751
985.2381	-0.02745
995.2381	-0.02758
1005.2381	-0.02783
1015.2381	-0.02781
1025.2381	-0.02757
1035.2381	-0.02753
1045.2381	-0.02707
1055.2381	-0.02691
1065.2381	-0.02682
1075.2381	-0.02686
1085.2381	-0.0268
1095.2381	-0.02681
1105.2381	-0.02695
1115.2381	-0.02727
1125.2381	-0.02757
1135.2381	-0.02751
1145.2381	-0.0277
1155.2381	-0.02761
1165.2381	-0.02755
1175.2381	-0.02762
1185.2381	-0.0275
1195.2381	-0.02718
1205.2381	-0.02694
1215.2381	-0.02683
1225.2381	-0.02697
1235.2381	-0.0267
1245.2381	-0.02698
1255.2381	-0.02689
1265.2381	-0.02682
1275.2381	-0.02708
1285.2381	-0.02726
1295.2381	-0.02727
1305.2381	-0.0276
1315.2381	-0.02735
1325.2381	-0.02723
1335.2381	-0.02747
1345.2381	-0.02741
1355.2381	-0.02737
1365.2381	-0.02723
1375.2381	-0.02688
1385.2381	-0.02689
1395.2381	-0.02686
1405.2381	-0.02677
1415.2381	-0.02668
1425.2381	-0.02699
1435.2381	-0.02712
1445.2381	-0.02707
1455.2381	-0.02726
1465.2381	-0.02754
1475.2381	-0.02762
1485.2381	-0.02761
1495.2381	-0.02734
1505.2381	-0.02713
1515.2381	-0.02701
1525.2381	-0.02707
1535.2381	-0.02708
1545.2381	-0.02669
1555.2381	-0.02648
1565.2381	-0.02657
1575.2381	-0.0267
1585.2381	-0.0268
1595.2381	-0.02684
1605.2381	-0.02712
1615.2381	-0.02747
1625.2381	-0.02754
1635.2381	-0.02762
1645.2381	-0.0274
1655.2381	-0.02733
1665.2381	-0.02719
1675.2381	-0.02726
1685.2381	-0.02708
1695.2381	-0.02716
1705.2381	-0.02686
1715.2381	-0.02684
1725.2381	-0.02702
1735.2381	-0.02724
1745.2381	-0.02716
1755.2381	-0.02715
1765.2381	-0.02749
1775.2381	-0.02743
1785.2381	-0.0276
1795.2381	-0.02744
1805.2381	-0.02726
1815.2381	-0.02719
1825.2381	-0.0268
1835.2381	-0.02666
1845.2381	-0.0266
1855.2381	-0.02652
1865.2381	-0.02654
1875.2381	-0.02637
1885.2381	-0.0263
1895.2381	-0.02638
1905.2381	-0.02656
1915.2381	-0.02679
1925.2381	-0.02683
1935.2381	-0.02702
1945.2381	-0.02698
1955.2381	-0.0271
1965.2381	-0.02698
1975.2381	-0.02711
1985.2381	-0.02702
1995.2381	-0.02688
2005.2381	-0.02662
2015.2381	-0.02636
2025.2381	-0.02633
2035.2381	-0.0263
2045.2381	-0.02623
2055.2381	-0.02634
2065.2381	-0.0268
2075.2381	-0.02703
2085.2381	-0.02721
2095.2381	-0.02736
2105.2381	-0.02762
2115.2381	-0.02749
2125.2381	-0.02714
2135.2381	-0.02705
2145.2381	-0.02679
2155.2381	-0.02664
2165.2381	-0.0265
2175.2381	-0.02656
2185.2381	-0.02643
2195.2381	-0.02621
2205.2381	-0.02621
2215.2381	-0.02628
2225.2381	-0.02628
2235.2381	-0.02649
2245.2381	-0.02677
2255.2381	-0.02685
2265.2381	-0.02684
2275.2381	-0.02696
2285.2381	-0.0269
2295.2381	-0.02678
2305.2381	-0.02646
2315.2381	-0.02638
2325.2381	-0.02629
2335.2381	-0.02589
2345.2381	-0.02593
2355.2381	-0.0258
2365.2381	-0.02587
2375.2381	-0.026
2385.2381	-0.02594
2395.2381	-0.02609
2405.2381	-0.02623
2415.2381	-0.02633
2425.2381	-0.02642
2435.2381	-0.02648
2445.2381	-0.02671
2455.2381	-0.02647
2465.2381	-0.02638
2475.2381	-0.02614
2485.2381	-0.02592
2495.2381	-0.02563
2505.2381	-0.02569
2515.2381	-0.0256
2525.2381	-0.0256
2535.2381	-0.02562
2545.2381	-0.02561
2555.2381	-0.02588
2565.2381	-0.02606
2575.2381	-0.02624
2585.2381	-0.02634
2595.2381	-0.0263
2605.2381	-0.02628
2615.2381	-0.02595
2625.2381	-0.02602
2635.2381	-0.02586
2645.2381	-0.02559
2655.2381	-0.02553
2665.2381	-0.02538
2675.2381	-0.02549
2685.2381	-0.02521
2695.2381	-0.02537
2705.2381	-0.02557
2715.2381	-0.02557
2725.2381	-0.02547
2735.2381	-0.0256
2745.2381	-0.02587
2755.2381	-0.02609
2765.2381	-0.02599
2775.2381	-0.02588
2785.2381	-0.02593
2795.2381	-0.0258
2805.2381	-0.02576
2815.2381	-0.02572
2825.2381	-0.02559
2835.2381	-0.02555
2845.2381	-0.02556
2855.2381	-0.02552
2865.2381	-0.02548
2875.2381	-0.02561
2885.2381	-0.02558
2895.2381	-0.02572
2905.2381	-0.02576
2915.2381	-0.02586
2925.2381	-0.02581
2935.2381	-0.02585
2945.2381	-0.02595
2955.2381	-0.0257
2965.2381	-0.02565
2975.2381	-0.02559
2985.2381	-0.02529
2995.2381	-0.02536
3005.2381	-0.02533
3015.2381	-0.02522
3025.2381	-0.02526
3035.2381	-0.02534
3045.2381	-0.0255
3055.2381	-0.02559
3065.2381	-0.02562
3075.2381	-0.02574
3085.2381	-0.02557
3095.2381	-0.02543
3105.2381	-0.02557
3115.2381	-0.02533
3125.2381	-0.02532
3135.2381	-0.02509
3145.2381	-0.02526
3155.2381	-0.02537
3165.2381	-0.025
3175.2381	-0.02537
3185.2381	-0.02519
3195.2381	-0.02536
3205.2381	-0.0255
3215.2381	-0.02556
3225.2381	-0.0255
3235.2381	-0.02569
3245.2381	-0.02585
3255.2381	-0.02586
3265.2381	-0.0258
3275.2381	-0.02568
3285.2381	-0.02552
3295.2381	-0.02554
3305.2381	-0.0253
3315.2381	-0.02521
3325.2381	-0.02523
3335.2381	-0.02532
3345.2381	-0.02542
3355.2381	-0.02537
3365.2381	-0.02538
3375.2381	-0.02542
3385.2381	-0.02566
3395.2381	-0.02585
3405.2381	-0.02598
3415.2381	-0.02572
3425.2381	-0.02551
3435.2381	-0.02555
3445.2381	-0.02559
3455.2381	-0.0254
3465.2381	-0.02539
3475.2381	-0.02528
3485.2381	-0.02529
3495.2381	-0.02539
3505.2381	-0.02536
3515.2381	-0.02546
3525.2381	-0.02546
3535.2381	-0.02562
3545.2381	-0.02574
3555.2381	-0.02572
3565.2381	-0.02576
3575.2381	-0.02573
3585.2381	-0.02562
3595.2381	-0.02573
3605.2381	-0.02557
3615.2381	-0.02548
3625.2381	-0.02549
3635.2381	-0.02525
3645.2381	-0.0253
3655.2381	-0.02535
3665.2381	-0.02533
3675.2381	-0.02543
3685.2381	-0.02545
3695.2381	-0.02549
3705.2381	-0.02558
3715.2381	-0.02547
3725.2381	-0.02554
3735.2381	-0.02556
3745.2381	-0.02545
3755.2381	-0.02539
3765.2381	-0.02522
3775.2381	-0.02524
3785.2381	-0.02514
3795.2381	-0.02529
3805.2381	-0.02512
3815.2381	-0.02507
3825.2381	-0.02499
3835.2381	-0.02489
3845.2381	-0.02512
3855.2381	-0.02517
3865.2381	-0.02531
3875.2381	-0.02522
3885.2381	-0.02521
3895.2381	-0.02504
3905.2381	-0.02529
3915.2381	-0.02494
3925.2381	-0.02495
3935.2381	-0.02481
3945.2381	-0.02483
3955.2381	-0.02495
3965.2381	-0.02481
3975.2381	-0.02506
3985.2381	-0.02504
3995.2381	-0.02493
4005.2381	-0.02505
4015.2381	-0.02525
4025.2381	-0.02519
4035.2381	-0.02518
4045.2381	-0.02534
4055.2381	-0.0251
4065.2381	-0.02504
4075.2381	-0.02506
4085.2381	-0.02484
4095.2381	-0.02479
4105.2381	-0.02475
4115.2381	-0.02473
4125.2381	-0.02471
4135.2381	-0.02474
4145.2381	-0.02486
4155.2381	-0.02492
4165.2381	-0.02501
4175.2381	-0.02516
4185.2381	-0.02516
4195.2381	-0.02529
4205.2381	-0.02521
4215.2381	-0.02503
4225.2381	-0.02495
4235.2381	-0.02488
4245.2381	-0.02479
4255.2381	-0.02471
4265.2381	-0.02444
4275.2381	-0.02457
4285.2381	-0.02451
4295.2381	-0.0245
4305.2381	-0.02463
4315.2381	-0.02462
4325.2381	-0.02478
4335.2381	-0.02455
4345.2381	-0.02469
4355.2381	-0.02467
4365.2381	-0.02458
4375.2381	-0.02457
4385.2381	-0.02443
4395.2381	-0.02446
4405.2381	-0.02443
4415.2381	-0.02436
4425.2381	-0.02434
4435.2381	-0.02432
4445.2381	-0.02436
4455.2381	-0.02434
4465.2381	-0.02431
4475.2381	-0.02437
4485.2381	-0.02425
4495.2381	-0.02446
4505.2381	-0.02431
4515.2381	-0.02451
4525.2381	-0.02452
4535.2381	-0.02447
4545.2381	-0.02441
4555.2381	-0.02447
4565.2381	-0.02437
4575.2381	-0.02445
4585.2381	-0.02433
4595.2381	-0.02429
4605.2381	-0.02429
4615.2381	-0.02431
4625.2381	-0.0243
4635.2381	-0.02441
4645.2381	-0.02433
4655.2381	-0.02439
4665.2381	-0.02441
4675.2381	-0.02447
4685.2381	-0.02435
4695.2381	-0.02439
4705.2381	-0.02436
4715.2381	-0.02422
4725.2381	-0.02422
4735.2381	-0.02413
4745.2381	-0.02424
4755.2381	-0.02416
4765.2381	-0.02412
4775.2381	-0.02404
4785.2381	-0.02415
4795.2381	-0.02428
4805.2381	-0.02432
4815.2381	-0.02445
4825.2381	-0.02444
4835.2381	-0.02429
4845.2381	-0.02449
4855.2381	-0.02478
4865.2381	-0.02443
4875.2381	-0.02441
4885.2381	-0.02415
4895.2381	-0.02416
4905.2381	-0.02405
4915.2381	-0.02398
4925.2381	-0.02416
4935.2381	-0.02418
4945.2381	-0.02425
4955.2381	-0.02441
4965.2381	-0.02431
4975.2381	-0.02414
4985.2381	-0.02434
4995.2381	-0.02418
5005.2381	-0.02417
5015.2381	-0.02446
5025.2381	-0.02452
5035.2381	-0.02446
5045.2381	-0.02438
5055.2381	-0.02447
5065.2381	-0.02431
5075.2381	-0.0243
5085.2381	-0.02419
5095.2381	-0.02416
5105.2381	-0.02426
5115.2381	-0.02443
5125.2381	-0.02451
5135.2381	-0.02464
5145.2381	-0.02467
5155.2381	-0.02463
5165.2381	-0.02476
5175.2381	-0.0246
5185.2381	-0.02457
5195.2381	-0.02459
5205.2381	-0.02453
5215.2381	-0.02443
5225.2381	-0.02437
5235.2381	-0.02427
5245.2381	-0.02424
5255.2381	-0.02428
5265.2381	-0.02452
5275.2381	-0.02434
5285.2381	-0.02427
5295.2381	-0.02438
5305.2381	-0.0243
5315.2381	-0.02437
5325.2381	-0.0242
5335.2381	-0.02434
5345.2381	-0.02447
5355.2381	-0.02434
5365.2381	-0.02426
5375.2381	-0.02412
5385.2381	-0.02418
5395.2381	-0.02416
5405.2381	-0.02442
5415.2381	-0.02436
5425.2381	-0.02437
5435.2381	-0.02437
5445.2381	-0.02436
5455.2381	-0.02444
5465.2381	-0.02441
5475.2381	-0.02437
5485.2381	-0.02426
5495.2381	-0.02432
5505.2381	-0.02443
5515.2381	-0.02431
5525.2381	-0.02439
5535.2381	-0.02444
5545.2381	-0.02433
5555.2381	-0.02413
5565.2381	-0.02398
5575.2381	-0.02412
5585.2381	-0.02422
5595.2381	-0.02417
5605.2381	-0.02425
5615.2381	-0.02424
5625.2381	-0.0243
5635.2381	-0.0243
5645.2381	-0.02433
5655.2381	-0.02432
5665.2381	-0.02422
5675.2381	-0.02408
5685.2381	-0.02413
5695.2381	-0.02413
5705.2381	-0.02409
5715.2381	-0.02404
5725.2381	-0.02413
5735.2381	-0.02396
5745.2381	-0.02388
5755.2381	-0.0241
5765.2381	-0.02426
5775.2381	-0.0242
5785.2381	-0.02412
5795.2381	-0.02416
5815.2381	-0.02404
5825.2381	-0.02422
5835.2381	-0.02429
5845.2381	-0.0244
5855.2381	-0.02439
5865.2381	-0.02438
5875.2381	-0.02422
5885.2381	-0.02415
5895.2381	-0.02391
5905.2381	-0.02407
5915.2381	-0.02416
5925.2381	-0.02393
5935.2381	-0.02389
5945.2381	-0.02387
5955.2381	-0.0239
5965.2381	-0.02387
5975.2381	-0.02389
5985.2381	-0.02403
5995.2381	-0.02397
6005.2381	-0.02388
6015.2381	-0.02377
6025.2381	-0.02373
6035.2381	-0.0236
6045.2381	-0.0235
6055.2381	-0.0236
6065.2381	-0.02375
6075.2381	-0.02366
6085.2381	-0.02374
6095.2381	-0.02384
6105.2381	-0.02381
6115.2381	-0.02395
6125.2381	-0.02402
6135.2381	-0.02406
6145.2381	-0.02392
6155.2381	-0.02369
6165.2381	-0.02374
6175.2381	-0.02358
6185.2381	-0.02353
6195.2381	-0.02362
6205.2381	-0.02359
6215.2381	-0.02362
6225.2381	-0.02364
6235.2381	-0.02373
6245.2381	-0.0239
6255.2381	-0.0236
6265.2381	-0.02373
6275.2381	-0.02376
6285.2381	-0.02372
6295.2381	-0.02357
6305.2381	-0.02363
6315.2381	-0.02364
6325.2381	-0.02357
6335.2381	-0.02358
6345.2381	-0.02355
6355.2381	-0.02369
6365.2381	-0.02369
6375.2381	-0.02358
6385.2381	-0.02345
6395.2381	-0.02342
6405.2381	-0.02344
6415.2381	-0.02343
6425.2381	-0.02348
6435.2381	-0.02344
6445.2381	-0.02353
6455.2381	-0.02352
6465.2381	-0.02382
6475.2381	-0.02373
6485.2381	-0.0237
6495.2381	-0.02369
6505.2381	-0.02359
6515.2381	-0.02367
6525.2381	-0.02365
6535.2381	-0.0236
6545.2381	-0.02362
6555.2381	-0.02351
6565.2381	-0.02354
6575.2381	-0.02353
6585.2381	-0.02344
6595.2381	-0.02351
6605.2381	-0.02363
6615.2381	-0.02355
6625.2381	-0.02336
6635.2381	-0.02345
6645.2381	-0.02342
6655.2381	-0.02357
6665.2381	-0.02349
6675.2381	-0.02346
6685.2381	-0.02358
6695.2381	-0.02346
6705.2381	-0.02345
6715.2381	-0.02336
6725.2381	-0.02334
6735.2381	-0.02335
6745.2381	-0.02334
6755.2381	-0.02344
6765.2381	-0.02354
6775.2381	-0.02351
6785.2381	-0.02356
6795.2381	-0.02353
6805.2381	-0.02359
6815.2381	-0.02349
6825.2381	-0.02317
6835.2381	-0.02331
6845.2381	-0.0232
6855.2381	-0.02317
6865.2381	-0.02324
6875.2381	-0.0231
6885.2381	-0.0231
6895.2381	-0.02308
6905.2381	-0.02314
6915.2381	-0.02317
6925.2381	-0.0231
6935.2381	-0.02312
6945.2381	-0.02321
6955.2381	-0.02339
6965.2381	-0.02345
6975.2381	-0.02334
6985.2381	-0.02321
6995.2381	-0.02324
7005.2381	-0.02328
7015.2381	-0.02312
7025.2381	-0.02314
7035.2381	-0.02325
7045.2381	-0.02303
7055.2381	-0.02306
7065.2381	-0.02324
7075.2381	-0.02318
7085.2381	-0.0232
7095.2381	-0.02332
7105.2381	-0.02315
7115.2381	-0.02314
7125.2381	-0.02309
7135.2381	-0.02303
7145.2381	-0.02316
7155.2381	-0.02314
7165.2381	-0.02298
7175.2381	-0.02281
7185.2381	-0.02302
7195.2381	-0.02292
7205.2381	-0.02315
7215.2381	-0.02311
7225.2381	-0.02304
7235.2381	-0.02304
7245.2381	-0.02299
7255.2381	-0.0231
7265.2381	-0.02316
7275.2381	-0.02314
7285.2381	-0.02311
7295.2381	-0.02329
7305.2381	-0.02326
7315.2381	-0.02338
7325.2381	-0.02339
7335.2381	-0.02326
7345.2381	-0.02315
7355.2381	-0.0234
7365.2381	-0.02339
7375.2381	-0.02343
7385.2381	-0.02345
7395.2381	-0.02327
7405.2381	-0.02326
7415.2381	-0.0232
7425.2381	-0.02314
7435.2381	-0.02322
7445.2381	-0.02332
7455.2381	-0.02321
7465.2381	-0.02323
7475.2381	-0.02331
7485.2381	-0.02323
7495.2381	-0.02319
7505.2381	-0.02319
7515.2381	-0.023
7525.2381	-0.02312
7535.2381	-0.02292
7545.2381	-0.0229
7555.2381	-0.02319
7565.2381	-0.023
7575.2381	-0.02311
7585.2381	-0.02318
7595.2381	-0.0231
7605.2381	-0.02312
7615.2381	-0.02304
7625.2381	-0.02289
7635.2381	-0.02275
7645.2381	-0.02274
7655.2381	-0.02269
7665.2381	-0.0228
7675.2381	-0.02283
7685.2381	-0.02284
7695.2381	-0.02289
7705.2381	-0.02289
7715.2381	-0.02313
7725.2381	-0.02308
7735.2381	-0.02306
7745.2381	-0.02318
7755.2381	-0.02315
7765.2381	-0.02304
7775.2381	-0.02311
7785.2381	-0.02301
7795.2381	-0.02288
7805.2381	-0.02283
7815.2381	-0.0226
7825.2381	-0.02283
7835.2381	-0.02291
7845.2381	-0.02288
7855.2381	-0.02281
7865.2381	-0.0228
7875.2381	-0.0229
7885.2381	-0.02286
7895.2381	-0.02275
7905.2381	-0.0229
7915.2381	-0.02296
7925.2381	-0.0228
7935.2381	-0.02271
7945.2381	-0.02276
7955.2381	-0.02276
7965.2381	-0.02264
7975.2381	-0.02271
7985.2381	-0.02242
7995.2381	-0.02255
8005.2381	-0.02264
8015.2381	-0.02265
8025.2381	-0.02271
8035.2381	-0.02274
8045.2381	-0.02267
8055.2381	-0.02266
8065.2381	-0.02277
8075.2381	-0.02286
8085.2381	-0.02293
8095.2381	-0.0229
8105.2381	-0.02311
8115.2381	-0.02289
8125.2381	-0.02285
8135.2381	-0.02277
8145.2381	-0.02294
8155.2381	-0.02287
8165.2381	-0.02277
8175.2381	-0.02282
8185.2381	-0.02301
8195.2381	-0.02293
8205.2381	-0.02286
8215.2381	-0.02291
8225.2381	-0.02304
8235.2381	-0.02313
8245.2381	-0.02301
8255.2381	-0.02288
8265.2381	-0.02282
8275.2381	-0.02267
8285.2381	-0.02254
8295.2381	-0.02271
8305.2381	-0.02264
8315.2381	-0.0227
8325.2381	-0.02248
8335.2381	-0.0226
8345.2381	-0.02266
8355.2381	-0.02265
8365.2381	-0.02262
8375.2381	-0.02265
8385.2381	-0.02249
8395.2381	-0.02262
8405.2381	-0.0226
8415.2381	-0.02264
8425.2381	-0.02265
8435.2381	-0.02269
8445.2381	-0.02267
8455.2381	-0.02246
8465.2381	-0.02237
8475.2381	-0.02234
8485.2381	-0.02224
8495.2381	-0.02241
8505.2381	-0.02234
8515.2381	-0.02222
8525.2381	-0.02239
8535.2381	-0.0224
8545.2381	-0.0224
8555.2381	-0.02245
8565.2381	-0.02248
8575.2381	-0.02247
8585.2381	-0.02247
8595.2381	-0.02256
8605.2381	-0.02251
8615.2381	-0.02237
8625.2381	-0.02221
8635.2381	-0.02249
8645.2381	-0.02246
8655.2381	-0.02239
8665.2381	-0.02257
8675.2381	-0.02234
8685.2381	-0.02255
8695.2381	-0.02243
8705.2381	-0.02243
8715.2381	-0.02243
8725.2381	-0.02241
8735.2381	-0.02241
8745.2381	-0.02243
8755.2381	-0.02237
8765.2381	-0.02242
8775.2381	-0.02245
8785.2381	-0.02247
8795.2381	-0.02231
8805.2381	-0.02225
8815.2381	-0.0224
8825.2381	-0.02222
8835.2381	-0.02221
8845.2381	-0.02242
8855.2381	-0.0224
8865.2381	-0.02221
8875.2381	-0.02226
8885.2381	-0.02225
8895.2381	-0.02234
8905.2381	-0.02218
8915.2381	-0.02232
8925.2381	-0.02221
8935.2381	-0.02239
8945.2381	-0.02215
8955.2381	-0.02221
8965.2381	-0.02232
8975.2381	-0.02233
8985.2381	-0.02242
8995.2381	-0.02239
9005.2381	-0.02232
9015.2381	-0.02241
9025.2381	-0.0222
9035.2381	-0.02207
9045.2381	-0.02237
9055.2381	-0.02219
9065.2381	-0.02236
9075.2381	-0.02239
9085.2381	-0.02237
9095.2381	-0.02239
9105.2381	-0.02231
9115.2381	-0.02238
9125.2381	-0.02243
9135.2381	-0.02232
9145.2381	-0.02242
9155.2381	-0.02257
9165.2381	-0.02258
9175.2381	-0.02256
9185.2381	-0.02246
9195.2381	-0.0225
9205.2381	-0.02232
9215.2381	-0.02224
9225.2381	-0.02203
9235.2381	-0.02234
9245.2381	-0.02231
9255.2381	-0.02225
9265.2381	-0.0222
9275.2381	-0.02225
9285.2381	-0.02208
9295.2381	-0.02203
9305.2381	-0.02222
9315.2381	-0.02226
9325.2381	-0.02221
9335.2381	-0.02236
9345.2381	-0.02242
9355.2381	-0.02255
9365.2381	-0.02242
9375.2381	-0.02246
9385.2381	-0.02232
9395.2381	-0.02227
9405.2381	-0.02228
9415.2381	-0.02221
9425.2381	-0.02225
9435.2381	-0.02236
9445.2381	-0.02228
9455.2381	-0.02214
9465.2381	-0.02222
9475.2381	-0.02223
9485.2381	-0.02232
9495.2381	-0.02232
9505.2381	-0.02204
9515.2381	-0.02217
9525.2381	-0.02215
9535.2381	-0.02215
9545.2381	-0.02214
9555.2381	-0.02206
9565.2381	-0.02197
9575.2381	-0.02199
9585.2381	-0.02193
9595.2381	-0.02184
9605.2381	-0.02192
9615.2381	-0.0219
9625.2381	-0.02198
9635.2381	-0.02203
9645.2381	-0.02214
9655.2381	-0.0221
9665.2381	-0.02232
9675.2381	-0.02215
9685.2381	-0.02223
9695.2381	-0.02218
9705.2381	-0.02223
9715.2381	-0.02226
9725.2381	-0.02221
9735.2381	-0.02202
9745.2381	-0.0221